0.000000,4848.612791,5283.485403,1561.817531,916.836954,2822.854938,3654.609418,1517.329233,3444.228796,1000.475887,4119.521817,2382.832768,4339.200387,3466.319951,661.008321,6940.484421,3961.952801,2639.535944,7319.388089,8324.913333,7652.641243,6479.553225,7391.675453,7221.178436,8221.506796,4565.445652,6665.016879,9237.199143,3664.933014,2540.352731,3932.157423,5208.308939,3649.637516,6779.613116,4558.034664,5870.828051,2690.262812,6317.924501,6669.223193,4564.106484,3702.439736,3684.213620,3019.076349,2673.152820,4654.489661,7630.480457,7630.211137,2327.125265,5873.780214,10724.221370,5698.074938,7693.849232,9614.458591,11231.637726,8983.839268,7447.437412,8540.837547,5887.240780,7360.244289,10328.208557,16118.902072,5068.528189,15867.135910,8214.015461,5708.964004,2070.710989,13885.967161,13512.494366,11253.619951,14510.643886,12724.814812,12999.745074,12515.401711,14090.477778,13732.082581,4537.908769,3382.964972,1493.996653,2907.861413,4299.903022,6426.900342,7410.378533,5180.013127,5631.053365,5677.319790,7570.013342,4148.017599,5248.288483,5425.176126,4405.333132,12961.224633,14718.320013,13445.598239,14713.957727,12894.175817,15631.418234,16365.449276,17027.640118,11493.223743,17267.216047,16048.154847,14883.940204,16694.013598,17249.032553,14853.843408,6526.578430,8269.486320,5476.307698,10413.223900,4532.910765,2004.501434,8095.567553,9174.116306,7593.703181,6318.670588,7809.959027,5122.183909,8659.438203,6698.386224,6614.953515,21364.115849,22212.732385,20402.305360,18873.850535,19460.396964,21374.211143,21097.578060,18390.828421,21092.582393,20811.782240,19528.808822,19785.783128,20627.796489,20681.154948,20514.991055
4848.612791,0.000000,7806.198435,5912.583023,5205.040442,7214.909840,3925.822971,5750.998348,3726.895759,5524.841536,6155.016328,6813.105459,1256.000000,4965.664507,4602.760042,2977.482830,3081.132259,3672.435432,3282.761642,4153.966779,3560.302796,2664.975797,3276.170325,3165.818062,4017.697848,2051.379536,2647.311844,5064.126183,3600.749366,3678.745982,2954.275546,3030.880730,4297.202346,3049.494056,8651.080742,2316.745562,3232.868386,2201.114718,2824.556602,2414.642831,2497.502352,3690.457695,6446.392324,5851.580983,2306.560643,3469.354695,3590.934140,3102.436462,2508.307796,6516.371997,2744.946994,3514.242735,5169.209998,6980.196129,4858.632524,3577.132651,4466.181591,2473.351977,2832.771081,6067.501463,11777.279227,2811.072393,11806.601882,3947.437143,2375.627496,4585.712813,9517.378000,9224.061904,7494.753632,10381.675202,8540.736971,8744.189728,8083.921202,9804.724167,9660.446574,2311.785890,2410.997304,5523.741486,4216.889612,2554.081048,2207.224048,3165.682865,2278.295415,1731.744785,1811.945363,3319.361987,2821.560561,1245.832252,1997.291666,1637.910254,8818.678246,10530.662372,9511.840831,10805.219572,9023.284324,11526.586832,12323.455684,12942.964498,7615.881827,13155.567415,12007.875166,10741.754605,12544.822677,13068.638185,10686.981800,2427.583572,4074.096219,1594.161221,6129.445326,7099.752249,5595.531968,4064.560985,4847.299248,3491.727080,2431.583023,3641.421426,2221.451327,4409.003289,2713.684580,2557.883109,17248.629047,17872.551525,16421.508092,14724.071923,15450.149643,17063.907935,16889.477612,14184.511130,16765.245718,16667.486013,15272.861945,15627.518293,16282.469776,16334.785153,16298.674241
5283.485403,7806.198435,0.000000,4127.699117,4810.261947,3780.513193,4133.465616,4553.633933,4664.801818,4805.532853,2250.680342,4048.661260,7155.382869,3078.717590,5307.728704,10230.463821,5636.908195,5993.906406,10611.931492,11605.015209,10886.003583,9712.245055,10702.307228,10466.985048,11419.674601,6803.446920,9850.632873,12636.616952,5026.536183,6069.596197,5896.693480,8252.823274,4314.744720,10114.623770,3632.487302,9115.548914,5746.226588,9194.612335,9805.152829,7451.945384,6649.721799,5156.256394,3664.543628,4400.662450,7681.063077,10968.481299,11128.323504,6564.571578,9706.510908,14204.152210,9780.142126,11112.636141,12782.698698,14686.359930,12541.071804,11172.780943,12119.402378,9736.294675,10149.018869,13738.061872,19313.714609,8926.688188,19473.099959,11008.301141,8000.824333,5108.297172,17037.051975,16766.358042,15013.679762,18014.118463,16120.813689,16258.339153,15614.795996,17344.922196,17271.114672,8548.143658,7455.995842,4846.641518,4190.810423,7666.583463,9406.281625,10745.028339,9084.500316,8755.355504,8929.592152,10872.170896,5382.414514,7863.011891,8942.212478,7709.953826,16459.104654,18071.501874,17130.202918,18510.063263,16670.342708,19163.088843,19993.077252,20606.806594,15262.165443,20802.141044,19677.466605,18334.826370,20130.652896,20708.943913,18201.354290,9937.847554,11731.576279,8835.870868,13774.154275,2041.993634,3955.140453,11579.070515,12502.579334,11029.708065,9908.172990,11247.382451,8951.089207,12074.839792,10011.611559,10066.296240,24881.569042,25316.059014,24055.024714,22276.733288,23040.572823,24565.416056,24461.746299,21778.908329,24176.949146,24259.309759,22742.815349,23241.104707,23664.399760,23758.983606,23899.852259
1561.817531,5912.583023,4127.699117,0.000000,1221.354985,1612.563797,3696.744243,1228.219850,3575.838084,1031.334087,3279.131897,1416.867672,5305.812096,3054.425642,1784.324522,8140.914445,4460.273086,3526.866598,8522.733716,9554.637513,8851.860031,7658.179940,8607.781596,8424.903204,9424.945199,5361.743746,7850.639210,10503.168760,3995.051439,3515.268695,4548.729273,6234.130252,3698.542956,8008.613113,3395.962603,7049.621125,3564.135239,7405.242197,7824.721976,5591.925429,4655.401379,4015.430986,2395.139662,2485.974256,5682.136042,8838.011767,8872.872252,3528.721015,7180.997006,12007.391807,7013.232636,8926.626574,10817.738581,12518.194279,10266.414369,8741.887668,9826.811690,7176.561851,8427.095348,11596.285354,17362.349438,6295.838149,17194.173606,9276.092604,6550.539825,2540.271639,15117.456664,14764.913274,12580.935657,15804.909870,13987.552180,14250.575076,13743.070690,15340.750568,15034.397893,5823.511827,4615.540488,1504.168873,2914.694152,5333.707341,7496.192767,8610.456782,6483.289751,6718.952002,6811.978567,8766.411581,4582.468112,6210.827964,6646.717686,5494.472313,14274.253255,16015.613320,14797.453497,16074.425029,14247.918304,16965.876635,17711.443928,18370.764110,12846.243575,18589.732166,17395.916417,16191.411859,18000.200443,18567.559883,16149.440176,7730.740585,9515.903110,6656.533783,11661.312019,3481.343993,1565.483951,9335.698260,10403.311204,8839.683818,7572.360926,9043.061539,6392.488874,9923.141740,7880.505694,7844.003825,22681.200894,23458.570161,21739.307211,20153.467592,20781.433974,22636.060479,22390.706733,19685.184785,22329.461794,22113.448306,20782.857696,21092.147544,21853.103624,21921.819222,21810.986223
916.836954,5205.040442,4810.261947,1221.354985,0.000000,2367.692970,3562.726484,1288.013975,3425.133574,979.665249,3755.363631,1961.735456,4699.897233,3269.423497,1202.933913,7386.882563,4141.041173,2927.513962,7784.735962,8814.187087,8099.091801,6925.208445,7870.612937,7679.001107,8689.574098,4880.356339,7121.132915,9736.823712,3813.968537,2899.711365,4199.648557,5505.479452,3706.502125,7223.849805,4107.503621,6326.635757,2977.535558,6743.987693,7114.350568,4905.426995,4026.172624,3850.992340,2743.556087,2502.753284,5050.573631,8103.211462,8092.250738,2806.549839,6302.083306,11195.724184,6216.866735,8146.173089,10050.435115,11713.561286,9462.550502,7915.822888,9002.082981,6377.970524,7735.510843,10774.587974,16592.894202,5536.392327,16356.921287,8623.381355,6052.238264,2184.975515,14351.363698,13977.536335,11754.114088,14975.026544,13187.607137,13445.795997,12967.749458,14562.397536,14196.319241,5061.215269,3878.134087,1576.713037,2916.401550,4661.724574,6836.214011,7852.059475,5617.200370,6026.248916,6096.106954,8024.251242,4175.170655,5608.442030,5900.222708,4788.573900,13431.790201,15193.093826,13953.105246,15211.559355,13406.173056,16125.409080,16869.456067,17531.237549,12002.835415,17767.799920,16562.123837,15369.766166,17199.479469,17733.739820,15343.910453,6971.219836,8741.781054,5898.882097,10856.621574,4193.661646,1675.327431,8561.473822,9630.106957,8078.706951,6770.682240,8263.860720,5576.640924,9112.934544,7134.112419,7067.314341,21859.194313,22683.880444,20893.700821,19343.738574,19933.333891,21865.845056,21589.526905,18886.710566,21555.507788,21282.054929,20017.520476,20286.205954,21096.800942,21153.292321,21012.784775
2822.854938,7214.909840,3780.513193,1612.563797,2367.692970,0.000000,4602.110603,1925.173239,4708.222595,2166.918549,3624.265443,1049.281659,6606.596703,3757.609080,3037.716577,9390.373369,5471.985563,4504.519064,9794.836599,10824.069383,10101.350603,8881.316456,9888.992567,9664.180565,10676.373448,6502.052599,9089.437496,11800.686760,4928.103286,4509.685577,5570.995602,7272.084020,4506.399893,9198.909718,2007.283737,8228.018717,4562.553233,8637.098471,9042.340294,6642.969366,5730.765568,4994.956456,2060.311627,2549.315202,6815.841988,10206.421606,10246.997511,4851.627974,8495.953390,13379.239889,8403.342073,10285.788448,12190.679308,13871.735508,11616.456086,10086.828441,11171.521293,8519.168387,9779.096584,12968.036012,18712.954443,7555.406806,18524.804021,10577.539128,7763.122825,3420.732085,16456.934891,16094.678002,13875.726215,17141.674189,15323.717238,15541.598502,15075.460325,16674.784916,16342.917487,7110.812752,5948.307827,2530.026087,3986.910333,6653.785088,8855.173064,9976.818030,7781.968903,8059.116825,8148.599143,10123.425112,5672.493455,7493.406702,7937.332801,6789.784385,15591.024982,17320.838201,16103.918157,17419.252682,15576.497488,18271.543339,19041.950950,19698.431968,14180.922819,19939.563335,18729.829364,17522.029220,19339.428895,19895.006409,17453.476387,9069.609253,10871.153205,7964.248866,12996.923636,3393.136897,2130.269936,10661.055764,11758.284484,10163.138295,8892.467487,10373.616920,7699.245807,11232.998620,9190.967305,9159.479243,24011.698357,24783.436969,23058.540544,21495.098558,22092.424584,23978.145591,23719.531867,21008.762743,23647.515810,23433.684900,22118.201102,22426.649906,23167.398991,23241.277590,23151.269987
3654.609418,3925.822971,4133.465616,3696.744243,3562.726484,4602.110603,0.000000,3752.000000,1484.951851,3813.122605,2513.392528,4435.789220,3340.887008,1397.893415,3426.297418,6512.520249,2326.940051,3517.720285,6852.113688,7778.623529,7119.435511,6045.679780,6898.590726,6709.683748,7587.664199,3144.515861,6131.371298,8783.038654,2132.386457,3609.074119,2506.377865,5095.407540,1981.218817,6501.432611,5734.243804,5470.095612,2886.504807,5394.592292,6150.122763,4207.976711,3419.333853,2292.986262,3888.595119,3793.860303,4300.649486,7126.726037,7333.883282,3701.521309,6079.418229,10287.138280,6138.056533,7254.172730,8833.433647,10757.246116,8655.709099,7348.767380,8256.582828,6021.877116,6207.033913,9855.581870,15378.426382,5554.607637,15588.219077,7170.628843,4302.537391,3349.719690,13125.482544,12888.170080,11253.888039,14137.451255,12234.763259,12384.619655,11732.346483,13446.753660,13405.852155,5080.206886,4139.902897,3951.841849,1741.014072,4403.901679,5486.993895,6873.220206,5535.534482,4940.091295,5149.878251,6971.667663,1782.259801,3974.299938,5274.087030,4095.907958,12610.127596,14257.241037,13320.597659,14634.099426,12848.381377,15312.302244,16131.243287,16744.379236,11449.037776,16932.031538,15818.394988,14502.593216,16278.372154,16825.821941,14406.898209,6167.932393,7872.815888,5114.390873,9858.384249,3574.101286,3408.701512,7783.596341,8559.390749,7251.179077,6158.071289,7411.900701,5429.532577,8202.687974,6317.346278,6290.434802,20987.581995,21450.578081,20217.743296,18429.075506,19228.228364,20687.997776,20583.292594,17895.356213,20335.674073,20400.748957,18892.083792,19366.163378,19819.629865,19914.210153,20011.318397
1517.329233,5750.998348,4553.633933,1228.219850,1288.013975,1925.173239,3752.000000,0.000000,3892.402857,1081.016189,3816.681805,1511.770485,5268.308078,3371.327632,1652.512632,7930.452446,4424.717618,3322.908365,8309.251711,9351.921086,8664.566694,7478.709782,8384.441902,8217.666579,9179.324049,5280.006629,7639.291983,10268.905784,4047.115022,3213.126204,4537.331374,6049.978843,3935.436952,7781.247201,3553.090486,6772.751730,3317.433044,7211.435502,7674.230255,5474.845934,4565.589776,4138.760201,2214.635862,2071.293799,5639.397840,8735.871336,8747.093231,3501.300330,6940.050432,11827.529243,6842.865189,8762.778098,10645.394215,12323.189441,10082.907517,8552.536934,9650.554388,7008.004138,8305.246414,11404.412567,17076.662906,5968.651607,16888.595146,9028.826280,6365.032757,2115.395944,14840.396289,14468.148465,12261.599814,15495.902942,13677.867451,13894.030157,13489.485164,15063.923061,14688.160538,5687.418395,4504.834514,1926.242456,3144.243629,5330.674629,7405.844584,8450.675239,6270.725317,6616.400683,6689.903138,8601.093884,4604.106211,6068.785546,6504.541337,5397.377697,14062.883061,15838.213031,14570.142758,15830.479020,14032.063996,16759.139357,17496.146319,18155.273669,12610.687293,18391.831883,17178.643660,16007.350999,17836.865139,18373.168752,15988.757675,7534.760514,9309.103716,6452.439694,11379.268078,3931.744142,1447.079818,9134.467034,10163.226850,8607.388222,7352.383559,8837.812625,6091.975870,9687.087798,7736.007368,7640.954391,22445.926668,23260.679870,21497.731229,19955.425027,20553.656220,22445.433923,22173.934563,19471.988702,22153.432646,21887.539377,20595.352388,20869.414894,21665.498886,21731.747974,21602.630719
3444.228796,3726.895759,4664.801818,3575.838084,3425.133574,4708.222595,1484.951851,3892.402857,0.000000,3725.357164,2734.722289,4568.662824,2929.473332,1948.581535,3284.381829,6218.598395,2342.708262,3392.975096,6568.633800,7491.755602,6778.326932,5727.146934,6636.826651,6428.728023,7328.699202,3037.029140,5896.376854,8486.253944,2176.525672,3602.591290,2369.721925,4729.988795,1918.971078,6185.207353,6051.694804,5258.638607,2914.922297,5180.150577,5824.645912,4015.054171,3168.503117,2035.343214,4287.418104,4146.315714,3864.842817,6655.189704,6866.170403,3145.785752,5760.644756,9886.031459,5616.045228,6832.977389,8484.916971,10372.075588,8228.212564,6899.205462,7826.119856,5512.436303,5858.337648,9484.800894,15080.153514,5256.717797,15234.085007,6915.702712,4148.619770,3422.052600,12828.160040,12580.633927,10886.910673,13807.210290,11918.898523,12165.258238,11437.065183,13118.633008,13115.326149,4516.943436,3587.582473,3659.780321,1686.162507,3703.060626,5043.268781,6448.019231,5115.304683,4453.326622,4699.164607,6544.384769,2025.753193,3786.968709,4842.692639,3624.825237,12229.116485,13863.532522,12928.610598,14227.978001,12422.674913,14928.615274,15720.605523,16352.186031,11071.167057,16500.537385,15414.760005,14083.283708,15847.500308,16423.964503,14014.849196,5816.528174,7494.114891,4784.861336,9565.851347,3816.681281,3621.289549,7344.658059,8256.289724,6930.630996,5827.718936,7019.611813,5142.140605,7881.863612,5887.440700,5946.333660,20569.531740,21056.981503,19780.682142,17961.687115,18780.775596,20284.471746,20167.694663,17486.237903,19920.194929,19978.552250,18476.287614,18955.359928,19426.604078,19516.306157,19600.500759
1000.475887,5524.841536,4805.532853,1031.334087,979.665249,2166.918549,3813.122605,1081.016189,3725.357164,0.000000,3887.494823,1681.818064,4977.100963,3404.443273,1180.659985,7713.969406,4482.093261,3287.985097,8097.767594,9103.212180,8432.575052,7261.118922,8169.516142,8001.348636,8992.521671,5207.891320,7426.684590,10022.038515,4089.255189,3183.041941,4471.540227,5910.079356,3895.293570,7537.870654,3976.286207,6623.564750,3311.142703,7048.927436,7436.081764,5244.253998,4402.415473,4116.494139,2763.679070,2626.318336,5358.656361,8356.346690,8365.005320,3073.518830,6603.053233,11473.829178,6448.328621,8429.576027,10336.828817,11991.605230,9740.879221,8209.832032,9292.803022,6640.404355,8030.508452,11063.369921,16876.476350,5826.848891,16647.205892,8942.308427,6363.224026,2399.267388,14648.399776,14269.809810,12033.915240,15274.405782,13488.887278,13752.469596,13262.968220,14855.968834,14497.606354,5341.387647,4164.293938,1514.126811,3115.571216,4974.861807,7144.653666,8156.521563,5953.757637,6340.429323,6409.892823,8325.203781,4543.678686,5904.655621,6176.895337,5144.650425,13741.262606,15484.619724,14218.680600,15487.809077,13673.772559,16415.467828,17144.688332,17807.866071,12271.122035,18035.976270,16820.134007,15646.308958,17462.702082,18021.674062,15616.049629,7279.230729,9020.629579,6193.413275,11163.934790,4223.999527,1829.794524,8876.938324,9925.266949,8335.870560,7082.291296,8572.456591,5862.458187,9430.155884,7442.903869,7374.392585,22153.662993,22983.970371,21192.593801,19648.353010,20254.365949,22146.809838,21880.957155,19175.101460,21865.999817,21602.724967,20298.421416,20569.847593,21398.906888,21452.896215,21293.7881554119.521817,6155.016328,2250.680342,3279.131897,3755.363631,3624.265443,2513.392528,3816.681805,2734.722289,3887.494823,0.000000,3747.335053,5429.420595,1471.318456,4081.100097,8645.158645,4099.025006,4787.118758,8995.179709,9956.428275,9240.571627,8115.889723,9075.505496,8853.496484,9803.092777,5187.965690,8282.244503,10975.044692,3541.218999,4901.082329,4307.624403,6849.095561,2840.132391,8582.309013,4393.292387,7608.431770,4443.704311,7601.097289,8230.637521,6058.103829,5184.242857,3619.663244,3456.054398,3909.112431,6121.417156,9216.645051,9416.900233,5047.671741,8139.632793,12461.275456,8097.671888,9395.026663,11028.353730,12948.673446,10800.237960,9457.514261,10386.063547,8044.232717,8406.740510,12049.295249,17648.939402,7510.289475,17830.757247,9392.529691,6441.678508,4192.432707,15386.288571,15153.066620,13447.691252,16392.251584,14498.730703,14690.680583,13990.368473,15693.895310,15685.428780,6888.605955,5810.539734,3878.864782,2530.629961,6006.351805,7585.222080,9002.527645,7472.766155,6978.781699,7193.512494,9105.316139,3793.294874,6169.786706,7258.160786,6007.045530,14786.456506,16399.771950,15477.941142,16809.409210,14980.650520,17476.899325,18295.462607,18916.105043,13605.077655,19090.674425,17988.047254,16641.610018,18406.849540,18993.762660,16527.486016,8322.350990,10070.073585,7241.300021,12133.315705,1860.070966,3411.347241,9913.144809,10810.586478,9438.837428,8317.692108,9591.458909,7492.241721,10428.404192,8408.861278,8453.734914,23159.022734,23600.254321,22378.131066,20562.151930,21378.493586,22844.189546,22747.801344,20067.973640,22454.688419,22572.184254,21026.389609,21541.270715,21944.408855,22060.233725,22182.270578
2382.832768,6813.105459,4048.661260,1416.867672,1961.735456,1049.281659,4435.789220,1511.770485,4568.662824,1681.818064,3747.335053,0.000000,6261.794471,3692.595564,2605.390182,9017.642264,5333.180289,4262.791339,9417.760349,10447.650262,9739.538695,8537.785661,9506.482420,9306.510624,10318.674721,6264.704303,8717.792266,11397.837690,4814.171788,4178.568894,5434.066617,7019.751135,4478.485012,8815.257455,2650.718393,7886.979396,4319.453901,8325.166305,8733.573266,6355.074350,5510.337921,4937.840419,2248.377193,2563.085640,6575.255736,9757.795960,9780.043149,4434.480578,7980.038847,12898.261201,7910.430077,9821.815005,11723.755798,13414.715204,11157.205654,9628.902949,10695.492041,8066.577217,9355.585070,12478.053694,18276.406540,7165.078506,18061.674950,10232.832648,7501.793119,3135.375576,16033.529929,15654.598047,13436.500512,16673.175822,14881.966268,15099.624764,14643.039439,16245.737226,15893.147580,6727.520346,5537.336002,2245.560509,3803.067972,6224.646175,8482.701339,9531.242836,7298.267877,7656.044540,7735.313180,9697.289312,5370.048044,7122.126368,7515.159213,6422.314847,15144.891416,16876.420651,15630.461797,16921.875842,15102.622289,17826.462184,18569.837587,19230.922703,13697.269217,19470.554948,18254.324912,17055.623530,18887.525831,19439.733023,17011.786679,8646.572153,10434.431753,7518.877310,12546.578737,3755.869540,1951.392323,10267.222507,11320.814458,9724.716037,8469.004192,9956.118219,7233.804117,10811.970681,8795.729418,8749.365920,23565.231677,24365.038272,22603.239502,21048.868046,21652.879347,23550.346494,23283.680637,20582.410840,23233.900490,23002.272453,21688.533745,21984.925790,22762.614481,22829.196482,22709.776749
4339.200387,1256.000000,7155.382869,5305.812096,4699.897233,6606.596703,3340.887008,5268.308078,2929.473332,4977.100963,5429.420595,6261.794471,0.000000,4323.543454,4106.109107,3571.326924,2531.343912,3302.526609,3914.781986,4795.692651,4129.277903,3167.943813,3950.441241,3773.399263,4686.830486,1725.397346,3256.719515,5737.475577,2941.088574,3379.153148,2161.458304,3063.734323,3425.539666,3506.233307,8058.898064,2751.745264,2860.606929,2610.871502,3265.866501,2295.129190,2116.436628,2857.490157,5947.914593,5456.431801,1931.423827,3924.391927,4135.739112,2665.714538,3227.178954,7171.480600,3149.623152,4112.631518,5866.682197,7644.025118,5476.947142,4170.379599,5105.482739,2897.612120,3386.315106,6766.971553,12461.120816,3245.308922,12512.133711,4520.737329,2417.830432,4192.249515,10197.803489,9918.649001,8176.587675,11136.992682,9273.315049,9507.640506,8757.619654,10459.563949,10432.798857,2337.282610,2126.017404,4877.428421,3481.734912,2135.942883,2559.876950,3789.892874,2743.458401,1986.916204,2121.738909,3881.516714,2425.842122,1521.903413,2228.195683,1574.550730,9480.574983,11128.438884,10126.188918,11479.623949,9642.870008,12171.208321,12963.483097,13592.875708,8280.848386,13772.589444,12644.701736,11343.371809,13127.871115,13705.317435,11272.987625,3170.683207,4765.751148,2154.964501,6913.981487,6329.998262,5099.762347,4664.482394,5615.044612,4138.523167,3132.945579,4315.800505,2785.504981,5126.010144,3194.358151,3215.454245,17900.497814,18481.765175,17084.268670,15347.282235,16109.052610,17662.979194,17519.234230,14809.970628,17364.889979,17325.841682,15865.422969,16266.420627,16878.066003,16928.431764,16939.179968
3466.319951,4965.664507,3078.717590,3054.425642,3269.423497,3757.609080,1397.893415,3371.327632,1948.581535,3404.443273,1471.318456,3692.595564,4323.543454,0.000000,3318.679557,7524.287873,3128.628773,3883.854271,7880.434886,8805.681007,8152.238711,7021.328792,7927.396925,7733.948797,8643.792686,4104.843724,7138.357794,9837.749438,2651.401139,3956.895248,3305.574685,5890.652086,2145.366635,7478.690126,4785.916631,6458.654814,3379.590508,6459.644263,7122.461934,4984.895786,4136.650819,2818.949095,3243.102219,3399.087525,5090.727846,8128.195372,8331.049034,4088.700772,6997.727202,11343.652851,6989.470795,8286.729994,9912.394161,11825.794603,9690.595338,8348.284854,9274.430441,6932.061310,7303.113035,10925.474177,16528.325929,6379.788084,16695.916327,8299.871806,5357.739449,3379.155516,14267.609751,14018.826627,12298.994512,15248.225011,13355.390372,13538.874178,12868.159231,14580.922605,14520.776012,5837.633596,4800.144165,3520.630909,1802.213639,5121.209037,6532.239585,7902.883651,6390.854246,5931.739205,6134.649786,8022.823194,2771.683243,5048.217903,6187.623453,4960.780987,13682.001973,15326.796143,14366.624029,15690.175142,13880.438394,16375.120397,17195.371121,17810.357043,12480.206248,18004.239390,16878.477953,15567.198335,17334.967955,17904.082607,15454.070985,7169.333721,8922.318197,6102.174530,10970.741361,2613.812924,2978.760480,8815.513031,9648.455006,8288.827420,7158.919052,8454.439426,6329.594774,9283.722852,7312.183121,7312.457316,22073.035677,22551.793942,21281.063648,19499.090543,20290.463869,21784.563755,21670.272126,18982.901886,21419.814051,21489.639876,19970.531991,20448.143926,20910.010569,21011.388103,21090.983144
661.008321,4602.760042,5307.728704,1784.324522,1202.933913,3037.716577,3426.297418,1652.512632,3284.381829,1180.659985,4081.100097,2605.390182,4106.109107,3318.679557,0.000000,6776.359052,3830.863349,2651.622522,7140.149298,8120.761787,7492.749429,6328.074747,7195.765143,7034.214242,8030.444944,4382.852039,6474.598829,9041.493461,3586.519762,2564.299125,3768.736924,5200.574776,3592.181232,6658.604809,4772.397720,5703.488757,2564.713629,6106.353904,6502.528893,4466.590422,3598.673367,3591.519734,3148.639706,2809.492837,4536.337509,7433.006121,7461.007707,2271.302270,5701.891791,10520.748262,5522.101231,7510.615155,9388.774787,11027.314451,8800.298972,7276.639609,8361.000658,5727.520755,7128.768758,10123.934018,15920.303703,4947.071255,15704.504768,8036.740882,5543.367388,2191.510438,13690.480853,13333.048264,11119.246197,14333.396736,12547.927319,12817.438122,12327.788204,13917.017425,13555.081040,4444.000000,3312.203798,1885.615019,2864.253830,4301.551813,6231.536408,7239.557998,5095.654816,5484.651128,5543.267448,7396.199294,3987.779332,5042.578705,5296.959316,4307.500435,12787.608455,14555.098213,13284.121348,14540.274894,12730.791806,15455.390192,16196.383238,16854.221667,11315.795421,17091.550895,15867.474909,14714.281566,16516.671880,17065.071638,14683.893693,6359.920125,8077.035842,5318.008462,10207.946806,4615.205954,2186.525554,7953.950214,8948.301515,7414.310217,6133.981252,7639.323530,4968.430738,8464.839987,6557.256133,6438.317948,21217.042112,22052.508383,20271.750492,18737.233040,19335.150219,21204.859915,20945.592615,18228.919661,20942.300065,20671.167940,19380.451801,19629.259742,20475.441241,20524.545500,20350.296312
6940.484421,2977.482830,10230.463821,8140.914445,7386.882563,9390.373369,6512.520249,7930.452446,6218.598395,7713.969406,8645.158645,9017.642264,3571.326924,7524.287873,6776.359052,0.000000,4916.404987,5120.750726,777.863741,1716.440503,999.709958,810.440621,950.387289,725.341299,1643.403785,3677.687589,735.270018,2639.864769,5527.435753,5162.240405,4781.039636,3301.080429,6368.104742,1398.532088,10693.631937,1526.606040,5048.221865,1583.961489,1051.092765,3332.999850,3941.161504,5570.608584,8443.012851,7744.641502,3093.411709,2396.381439,2364.370529,4965.965767,2384.442073,4706.069910,2775.923270,2256.427265,3749.744791,4983.819218,3080.037337,2260.650349,2939.849316,2271.523277,2793.013784,4323.169208,9639.564824,2776.444489,9502.721294,2586.005027,3340.459549,6466.607921,7353.441779,7032.892293,5081.712310,8144.245821,6351.062588,6526.775927,6002.333879,7571.780636,7406.944849,2887.722632,3880.974362,7485.275813,6567.910627,3963.245387,2439.199049,2049.973658,2517.639371,2573.162257,2258.894863,2035.059213,5268.272392,2983.856565,2272.163726,3079.493465,6476.119208,8250.742997,7159.956704,8571.925338,6713.351473,9180.767615,10019.681532,10625.955581,5359.992910,10904.059336,9727.515716,8519.584614,10290.590071,10821.208897,8415.116755,1471.680672,2288.575103,2076.008189,4163.434640,9376.361554,7661.162444,1927.906118,3139.513975,1750.191418,1614.685109,1858.743124,2603.148478,2283.829678,1445.416895,1102.782844,14960.156216,15689.249440,14081.172536,12524.267404,13091.523517,14848.975318,14621.271764,11904.272594,14580.338816,14343.784438,13067.075266,13329.959565,14088.833664,14109.899220,14050.028897
3961.952801,3081.132259,5636.908195,4460.273086,4141.041173,5471.985563,2326.940051,4424.717618,2342.708262,4482.093261,4099.025006,5333.180289,2531.343912,3128.628773,3830.863349,4916.404987,0.000000,2465.774523,5259.870531,6261.139832,5530.323137,4387.942570,5357.696893,5122.447267,6033.506443,1420.073942,4574.779995,7288.935862,999.105600,2687.712782,1071.887121,3655.428566,1956.659398,4986.332721,6533.436615,3844.408407,2043.252309,3832.478050,4509.827935,2880.672491,2010.856037,1230.043902,4379.942694,4005.517445,2795.439143,6011.605443,6205.966806,3229.318814,5099.902352,9146.240320,5149.911067,6134.956398,7785.126332,9534.725166,7446.575186,6190.132632,7136.221129,4921.839900,5332.135032,8749.305687,14033.395954,4149.002290,14186.856593,5701.297221,2804.668251,3171.476312,11739.352026,11500.601810,9741.776121,12774.728177,10844.683398,10981.458282,10408.788210,12040.809192,12017.893326,3832.796890,3175.519800,4219.165083,2340.788756,3524.515853,4340.068433,5664.662744,4404.510870,3849.938441,3939.260083,5710.829187,2011.882700,2898.911865,4039.969307,2879.767699,11243.754177,12920.573594,11942.675663,13330.518295,11484.309035,13938.748653,14776.843980,15384.549977,10107.098199,15607.364544,14480.225413,13189.399759,14943.572799,15516.397713,13065.307880,4890.713854,6604.837167,3937.868967,8594.779229,4624.343629,3873.557538,6325.927126,7355.490194,5912.538879,4914.904068,6097.711046,4281.500671,6871.075898,4942.129703,4939.193861,19594.635643,20113.762055,18805.614959,17084.231385,17800.051124,19333.393494,19197.292309,16501.225227,18985.486878,18988.326519,17525.453375,17967.855743,18445.475814,18542.296675,18652.621103
2639.535944,3672.435432,5993.906406,3526.866598,2927.513962,4504.519064,3517.720285,3322.908365,3392.975096,3287.985097,4787.118758,4262.791339,3302.526609,3883.854271,2651.622522,5120.750726,2465.774523,0.000000,5551.672721,6624.968528,5858.196309,4607.252978,5705.747103,5420.190956,6444.370722,2899.254732,4840.408454,7626.755929,2479.014724,754.530317,2595.729570,3309.514164,3029.833659,5026.788438,5647.742204,3962.507539,1043.094435,4544.570827,4790.426912,2656.263165,1743.090359,2602.442699,3507.775078,2853.192598,2870.933994,6431.214815,6426.862065,2105.590653,4752.005051,9479.932489,4837.580800,6432.219524,8365.003527,9888.523651,7703.716246,6252.456477,7328.730995,4768.335349,6182.700381,9060.982839,14615.245465,3533.450721,14395.496726,6580.994910,4191.648602,1919.063834,12326.930031,11955.530603,9712.613551,13020.095622,11204.084345,11386.252764,10973.801894,12534.131083,12213.829948,3342.788656,2517.943605,2969.475711,3086.959345,3482.290338,5216.266673,6116.372618,3988.694273,4425.787614,4392.819823,6234.573121,3355.782472,3933.872901,4124.550642,3082.966753,11439.208364,13206.905694,12005.992587,13394.693949,11521.241253,14136.426493,14945.085212,15581.299689,10118.941150,15860.670793,14648.030243,13456.312942,15263.286736,15801.639155,13355.897124,5073.426653,6882.073525,4080.904802,8957.717901,5147.618673,2796.566466,6557.044304,7794.733607,6145.423500,4931.138408,6349.071901,3875.151868,7141.531208,5136.177178,5090.893438,19906.356422,20686.156482,18944.399911,17435.092486,17950.324064,19870.397027,19598.452694,16888.370022,19556.911668,19288.887630,18037.409459,18302.356242,19069.445823,19112.337691,19046.424021
7319.388089,3282.761642,10611.931492,8522.733716,7784.735962,9794.836599,6852.113688,8309.251711,6568.633800,8097.767594,8995.179709,9417.760349,3914.781986,7880.434886,7140.149298,777.863741,5259.870531,5551.672721,0.000000,1427.404638,936.231809,1228.441289,646.724052,687.562361,1388.673468,3999.613231,1037.108480,2221.341937,5881.309888,5568.280704,5148.503472,3791.679575,6749.366489,1807.049529,11108.315354,1977.194477,5473.787354,1866.408315,1471.658928,3842.940020,4400.544966,5942.985445,8852.162787,8158.914511,3582.615246,2340.988680,2318.184635,5363.262440,2656.481884,4392.131601,2969.253105,2200.942525,3430.271418,4637.253497,2839.595746,2252.636677,2801.971092,2532.909789,2798.662538,4039.642063,9235.106280,3138.725856,9151.413661,2402.285162,3565.319621,6885.277191,6963.231434,6690.187441,4835.572355,7801.567919,6002.795016,6179.844982,5661.002561,7211.526884,7084.374919,3274.743349,4258.096053,7888.412134,6901.365807,4350.747292,2487.610902,1965.187523,2890.115569,2820.710194,2517.839947,1892.612480,5614.066619,3209.197407,2576.438627,3447.877898,6166.255428,7941.107102,6868.026791,8245.955615,6400.469358,8845.787359,9678.514245,10271.920074,5038.930839,10552.151345,9378.998667,8191.560047,9939.824848,10476.239879,8096.511471,1655.476971,2075.877646,2455.472663,3838.850609,9748.748227,8073.861034,1799.004725,2800.867009,1665.798307,1813.707804,1779.368427,2941.049473,2038.097642,1737.560934,1372.430690,14592.105880,15322.144432,13747.282932,12196.624697,12781.954154,14465.689821,14259.939060,11533.698019,14224.830474,14007.181301,12701.448264,12961.037073,13719.254207,13757.886974,13680.070541
8324.913333,4153.966779,11605.015209,9554.637513,8814.187087,10824.069383,7778.623529,9351.921086,7491.755602,9103.212180,9956.428275,10447.650262,4795.692651,8805.681007,8120.761787,1716.440503,6261.139832,6624.968528,1427.404638,0.000000,1292.970224,2212.448417,1195.959029,1466.070940,947.856529,4958.528411,1930.922060,1379.796362,6893.985495,6656.192605,6066.079953,4745.371008,7703.624731,2494.797787,12154.338402,2896.868309,6475.645296,2622.339032,2125.192227,4744.025927,5378.865494,6914.755383,9882.137421,9182.364184,4444.613144,2329.545449,2434.578814,6352.289981,3390.509991,3542.169956,3607.485551,2253.120947,2784.107397,3692.852285,2290.144537,2400.198325,2425.984749,3174.348122,2993.610863,3327.299506,8306.449783,4084.812113,8266.294333,2645.219462,4431.031708,7951.108728,6072.821420,5840.466933,4173.570893,6946.955736,5200.919150,5413.911894,4796.884614,6322.865173,6260.968775,4161.361796,5237.371287,8923.120642,7928.830935,5315.006679,3102.346854,2218.701873,3790.624751,3634.535734,3394.697630,2091.960325,6562.724739,4104.122318,3455.827542,4446.327473,5212.711578,6980.420188,5949.469388,7324.510223,5530.860150,7842.912087,8707.693265,9282.984218,4243.719595,9572.728556,8400.206307,7261.066175,8926.307859,9458.500304,7121.159597,2402.858714,1803.311953,3364.526118,3109.149080,10747.080255,9153.522273,1800.704862,2162.231255,1917.999479,2575.827246,1808.848805,3897.029125,1543.150025,2449.800808,2123.345944,13639.643250,14346.425548,12825.544511,11271.418101,11868.651482,13478.526848,13283.086464,10558.841982,13255.141795,13062.561311,11745.722115,11999.012543,12756.710783,12777.688915,12684.4806757652.641243,3560.302796,10886.003583,8851.860031,8099.091801,10101.350603,7119.435511,8664.566694,6778.326932,8432.575052,9240.571627,9739.538695,4129.277903,8152.238711,7492.749429,999.709958,5530.323137,5858.196309,936.231809,1292.970224,0.000000,1365.249428,1062.576115,860.184864,1224.442730,4267.700318,1339.555897,2125.959548,6131.181289,5910.994333,5369.739845,3737.768853,6944.011521,1640.242055,11417.524863,2198.371215,5781.985299,2097.915156,1460.922311,3930.847491,4594.201128,6175.609282,9165.003219,8471.506123,3634.785001,2206.841181,2202.681094,5634.936912,2901.538557,4158.609623,3234.490068,2069.989855,3260.614359,4372.079597,2593.194555,2180.190817,2574.838636,2625.817968,2753.848580,3839.608053,9012.425867,3558.666323,8914.386350,2494.441821,3832.470744,7219.563006,6753.091736,6454.156645,4661.128404,7600.992041,5829.025304,6008.873439,5376.557263,6948.399240,6908.143311,3425.911849,4501.904042,8175.257794,7191.844965,4432.987931,2580.580555,1892.882458,3040.391093,2884.933968,2613.994262,1812.702954,5832.754581,3453.636344,2661.644229,3623.291873,5840.466933,7541.089046,6558.963485,8006.470508,6137.681973,8510.657084,9367.283384,9965.909291,4883.991196,10224.381937,9085.268956,7830.474187,9576.286650,10123.388464,7704.999546,1877.224014,2009.482520,2640.089771,3710.146628,10008.742179,8421.160846,1586.452016,2769.622718,1722.194530,2087.699212,1637.756392,3312.068840,1885.514784,1674.712513,1569.449585,14259.133213,14938.681870,13409.960925,11812.054690,12420.189532,14111.338845,13900.752498,11181.479777,13818.239541,13649.349435,12329.660823,12633.000119,13325.662985,13363.868751,13337.780175
6479.553225,2664.975797,9712.245055,7658.179940,6925.208445,8881.316456,6045.679780,7478.709782,5727.146934,7261.118922,8115.889723,8537.785661,3167.943813,7021.328792,6328.074747,810.440621,4387.942570,4607.252978,1228.441289,2212.448417,1365.249428,0.000000,1430.569118,986.739074,2119.047899,3163.317562,748.793697,3189.048761,4968.046699,4672.339885,4240.565764,2806.799957,5806.273159,1357.258266,10163.880263,1195.108363,4534.307665,1390.381243,802.321631,2778.649672,3370.412141,5018.342754,7908.609486,7230.937422,2507.918260,2687.055266,2709.209848,4537.294348,2488.249987,5267.253554,2839.333725,2641.302330,4257.936589,5538.243043,3573.342133,2625.970678,3396.161068,2268.618522,2983.659163,4900.670158,10230.759112,2653.575324,10103.194940,2922.994697,3064.319827,6007.448543,7944.739266,7634.633717,5670.462944,8768.875413,6974.937849,7149.428229,6574.805701,8159.905392,8032.980393,2509.098244,3484.096440,6983.786222,6067.058266,3587.876809,2372.622600,2380.728460,2356.861472,2343.890782,2045.098531,2359.011234,4827.345855,2661.771215,1964.911703,2636.132015,7039.023796,8763.446582,7714.395245,9165.505223,7270.845068,9716.751515,10574.073009,11178.312663,5939.745954,11455.284545,10285.091152,9049.139849,10812.414624,11363.256663,8909.446560,1696.664375,2828.493592,1909.993194,4795.677429,8832.967904,7181.554985,2391.806012,3724.737306,2204.101177,1806.538126,2344.023464,2547.322123,2876.418259,1563.786430,1403.501336,15505.510762,16203.663166,14630.355020,13061.075453,13635.984600,15372.461742,15154.196514,12435.983516,15080.645477,14890.577356,13581.612202,13875.233331,14584.110463,14621.021921,14591.515548
7391.675453,3276.170325,10702.307228,8607.781596,7870.612937,9888.992567,6898.590726,8384.441902,6636.826651,8169.516142,9075.505496,9506.482420,3950.441241,7927.396925,7195.765143,950.387289,5357.696893,5705.747103,646.724052,1195.959029,1062.576115,1430.569118,0.000000,844.495115,1247.531162,4070.964014,1123.018255,2038.203621,5986.803488,5714.006125,5217.370410,4005.904143,6847.767227,1980.545884,11227.951015,2077.271287,5569.902513,1842.937872,1540.075972,3986.979308,4529.592918,6034.815324,8959.041690,8265.224014,3698.781691,2233.909130,2271.999120,5466.722967,2677.294530,4230.485551,2951.653774,2131.382650,3241.665621,4482.319489,2713.544177,2184.613009,2689.282804,2565.723680,2675.462951,3898.633607,9087.726338,3196.433325,9040.361055,2307.229507,3557.562930,6990.009156,6818.930268,6560.504401,4748.267474,7683.445711,5868.173310,6059.963531,5521.759321,7086.272786,6952.589877,3355.753567,4348.377169,7997.847836,6974.981720,4479.214663,2406.428474,1849.360430,2977.406590,2865.813323,2573.975136,1784.692691,5675.699604,3226.570005,2665.352510,3550.278862,6072.621180,7867.121964,6775.105165,8125.027015,6308.001902,8744.572831,9579.668366,10168.938293,4936.390989,10450.788487,9269.450361,8107.459651,9832.253455,10371.180936,8009.829711,1650.808287,1921.111657,2518.666314,3680.649671,9834.865835,8183.351269,1768.786590,2569.901165,1568.872206,1815.085673,1700.029412,2979.065290,1896.473042,1846.672684,1365.113182,14499.346951,15227.580438,13670.072202,12110.628225,12715.366058,14365.729289,14165.785965,11441.005026,14137.683827,13923.116318,12608.056472,12866.207755,13626.978315,13666.251571,13574.166125
7221.178436,3165.818062,10466.985048,8424.903204,7679.001107,9664.180565,6709.683748,8217.666579,6428.728023,8001.348636,8853.496484,9306.510624,3773.399263,7733.948797,7034.214242,725.341299,5122.447267,5420.190956,687.562361,1466.070940,860.184864,986.739074,844.495115,0.000000,1454.444224,3855.669332,860.399907,2381.371874,5737.444205,5469.862155,4968.471797,3570.591548,6583.100182,1590.250924,10968.776140,1795.752767,5311.636094,1704.321566,1182.057528,3582.696750,4187.636326,5786.263043,8705.436118,8018.931101,3319.295407,2379.522641,2420.998141,5264.393602,2659.418733,4544.493151,3022.230633,2289.385944,3587.300935,4764.187864,2958.340075,2305.193267,2880.387127,2499.750788,2818.880984,4191.049272,9433.432143,3172.260078,9332.560849,2604.779837,3544.215005,6793.996909,7155.966182,6873.723882,5024.210585,7996.539752,6223.219424,6381.319456,5824.059581,7402.637233,7271.325739,3167.862686,4199.147056,7794.931558,6815.464621,4294.247548,2519.588855,2129.184821,2868.178865,2797.865615,2517.439572,2042.066111,5492.053350,3159.327460,2505.636047,3371.022693,6274.680390,8024.528522,6977.727710,8405.506528,6534.643678,8936.302144,9805.318353,10396.469593,5199.337650,10681.216223,9503.095390,8297.101542,10047.330989,10577.094497,8168.025465,1755.831427,2255.701221,2408.538146,4044.142925,9615.667840,7969.169969,1938.580924,3007.109243,1802.875481,1840.647169,1899.219840,2959.340805,2150.584107,1711.263860,1376.813713,14745.469745,15452.415539,13895.146635,12338.300612,12913.921171,14605.425430,14399.437836,11669.787316,14347.338290,14142.570558,12849.425279,13110.206635,13850.080650,13879.304882,13821.648310
